0.050000000000000 0.828473711013794
0.100000000000000 0.644446116685867
0.150000000000000 0.498461088538170
0.200000000000000 0.460834121704102
0.250000000000000 0.266472971439362
0.300000000000000 0.157726353406906
0.350000000000000 0.115221279859543
0.400000000000000 0.047105479240417
0.450000000000000 0.021131700277328
0.500000000000000 0.022147226333618
0.550000000000000 0.007144981622695
0.600000000000000 0.087834674119949
0.650000000000000 0.153472495079040
0.700000000000000 0.189565378427506
0.750000000000000 0.296847182512283
0.800000000000000 0.438043868541718
0.850000000000000 0.535806319117546
0.900000000000000 0.675561276078224
0.950000000000000 0.840852579474449
1.00000000000000 0.957904846470046
